 1
 p1=   1096168.    
 v1=  0.1175461    
 h1=   522328.6    
 s1=   9982.238    
 2
 p2=   496071.5    
 x2=  0.9370624    
 v2=  0.2365441    
 h2=   424796.5    
 3
 v3=  1.5793637E-03
 h3=  -744164.8    
 v3=   5763.136    
 4
 T4=   4.124084    
 v4=  1.5786191E-03
 h4=  -743217.2    
 ”MŒø—¦
 n=  7.6318458E-02
 ‰Û‘è2
 wt=   9753206.    
 wp=   94756.25    
 qe=  1.2655458E+08
 qc=  1.1689613E+08
